9.400083729458974882e-05
-1.612312958160659940e-04
-1.539201789959904372e-04
3.335047081783680360e-04
-1.876482335689278196e-04
4.997194119961404819e-05
-9.575579201156092946e-05
6.419517773938504990e-05
5.576975942126051954e-07
1.760592191708850230e-05
1.106616205205105476e-04
6.076311753086785814e-05
-5.731214702387286969e-05
-2.436981952457469892e-04
1.667756163765489236e-04
-8.148165900578828165e-05
-5.895324756847138879e-05
1.228829396057520569e-04
-1.057209877379784420e-04
3.724414560773503047e-04
5.166799205040626028e-06
-1.041681768632186466e-04
4.238369920147855963e-05
-8.478738351306851109e-05
-3.813248462614326578e-05
1.505353249776625861e-05
-1.058959415774795746e-04
-2.652018632408275316e-05
1.083119010853867672e-04
1.511630101002288970e-04
-4.106328470726327483e-05
1.387086131703048960e-04
-1.985896655239386039e-04
1.041520097097120128e-04
-3.625224150009930934e-04
-1.134747497124182229e-04
4.913695796030527994e-04
1.495774206688722623e-05
5.339539991418386194e-07
1.238945650002566939e-04
-1.539270098795097522e-05
4.999214527483974340e-04
-2.806979101268120016e-05
-1.402401575546865543e-04
1.323640802073496004e-04
2.537219129935698440e-05
-1.840830735028369880e-04
9.679005777765402612e-05
-1.904009547526874389e-05
5.218169970662409106e-04
-2.958423723819879545e-05
8.872468221295106100e-05
2.354568968836111785e-04
-3.360286556034047101e-05
-1.436608225278168704e-04
8.433358232944320474e-05
-9.178615765087250493e-05
4.131077480604127277e-04
2.238653170160446939e-05
-1.157755616739349237e-04
1.203754377698856886e-04
-1.530220707412902395e-04
1.141247211596266379e-04
-4.617586801169494185e-05
-1.731607977508217028e-04
-7.190818842236548216e-05
1.838580213562240407e-04
1.117688425893316988e-04
1.973213339818216672e-04
8.085531378666181278e-05
1.074920336649429919e-04
5.002892879146171899e-05
-1.405110409759042123e-04
5.821635042337904123e-05
2.349848565473584166e-04
-5.420008249623141334e-05
1.619663035181179340e-04
1.328972374143763376e-04
2.408957841439205892e-04
3.840773207705838440e-04
2.585514205382807244e-04
1.695596442873425873e-04
1.333733982437115525e-04
-1.531601801890157847e-04
-1.136662823272196564e-05
1.433875173127380307e-04
1.127639096171003421e-04
-2.030893409632733148e-04
-1.687277305928877819e-04
7.290433776207367457e-06
1.115899859091311954e-04
1.772655611003764119e-04
-1.367057056967458447e-04
8.337084023853412820e-05
-5.920062351663801706e-06
3.540296191707355584e-06
5.699474586397919128e-05
1.205032560061874080e-05
6.129335069482267999e-05
2.247351396812026351e-04
