1.055395964534887321e-02 2.304640433434045760e-03 1.533277204502133707e-02 7.053438207305558552e-03 2.282004937223391580e-02 -7.767489177216380276e-03 -1.735625906674226338e-02 -1.620882506277867771e-02 -6.666009378947805077e-03 -1.067105044479520724e-02
-8.427719456820128782e-03 -4.214991485687063881e-03 8.598042079508287291e-03 7.962442206753949162e-03 -2.077077831993212262e-02 2.582929097614661967e-02 -1.216471479905127662e-02 1.900577455503233565e-02 -2.796148625073939173e-02 1.170265401234283145e-02
-2.753892280215134922e-03 -3.568868983224141641e-03 1.954464016782880148e-02 9.119280691925212012e-03 -1.641938691710007059e-02 1.131808009338080949e-02 -1.625846362338882051e-02 6.409436423656672370e-03 -3.277356805314442234e-02 2.533288108305220901e-02
8.036734266488252927e-04 -3.107566227637664075e-02 2.874947134286971046e-02 -8.680677964190940121e-03 2.080603627163687269e-02 -1.065033238030772128e-02 2.833032253956333478e-03 -1.295271016696358107e-02 2.718741516983088150e-02 -1.741899385729129071e-02
-9.536735305863252438e-03 5.143229895073405528e-02 -1.190422929526030807e-02 -1.255754691829942364e-02 -2.244320887247839430e-02 -1.695143957361099421e-02 -4.281275007473877713e-04 -3.879382647055213545e-02 2.840608701568252126e-02 3.290555636024627278e-02
1.861759800759383058e-04 2.254596101708424873e-03 1.579955154463041824e-03 1.840867683513272221e-02 -1.264803910067834785e-04 1.543840801204776451e-02 2.002590891034419784e-02 -2.750290527734952986e-02 -2.307236859760625203e-02 -7.171941504241994766e-03
4.988669145523485018e-04 3.962811766311660072e-02 -4.679800323066593895e-03 -7.109426749169312811e-03 -3.062419129113776346e-03 -1.167541791538569997e-02 5.554109979658428814e-04 -9.598694702581782312e-03 -9.333927754954229883e-03 4.154736702031583059e-03
5.103546125443145058e-03 -6.370315742540416833e-03 -1.699051592353816378e-02 -9.208364160175746063e-03 -7.795279200393280539e-04 -6.000159293236217127e-03 -1.017431856263439124e-03 6.696205884755019461e-03 2.729976347170167197e-02 1.435455572249730435e-03
1.085727603786357069e-02 -1.090960275783419905e-02 -2.129172518883607965e-02 -5.300160325586405867e-03 -2.486792719837098171e-03 -2.188515858590200924e-03 -5.818330534810726117e-03 2.941456298096978977e-02 4.136247266923511086e-03 3.689713698885518315e-03
1.090117889318906359e-02 1.446144836123345288e-02 1.336802399508766129e-03 -8.075519900312478835e-03 -1.787628688324410797e-02 -2.956868039013932706e-02 6.189284355615616573e-03 -1.784498080629975253e-02 4.095985577871903704e-02 -1.018251224241260040e-05
-2.863385573185942348e-02 -2.087272588514398064e-02 1.986687664229491376e-02 2.252050209694315963e-02 3.196545602296516769e-03 9.499733256638945994e-03 2.557336412583814667e-03 -1.598688033242644246e-02 1.154336076675939633e-02 -4.344094424036143605e-03
1.459812725023896217e-02 -1.431265387002126667e-02 -9.518260207358327299e-03 -2.860898987164557303e-02 -4.391894777444393938e-03 -8.020792052761398228e-03 2.756813494868697034e-02 3.707400011783738153e-02 -1.165736229852784231e-02 -2.642528166094436706e-03
6.576053001540909434e-04 -3.942578659882197550e-02 -3.560387488551348392e-04 -3.373082049182009063e-03 7.934858818745933393e-03 2.240366748993112209e-02 -1.623007524600834917e-02 4.921291763667731689e-02 -4.218767464815317836e-02 2.172671304857503108e-02
6.475198711026098827e-03 3.826414157533565563e-02 -2.066040826962312407e-02 -1.557092590465238013e-02 -1.672681655891783414e-02 -2.180532320018170947e-02 -3.336003604404082484e-03 -2.845577361865944330e-02 1.766776046334567543e-02 4.428863621166703735e-02
8.645118511731482089e-03 1.968134079981162174e-02 1.566505226617482746e-02 1.717742554531660401e-02 -3.232827336902233811e-02 5.125644332636644304e-03 4.242626399044166496e-02 -1.825001060536735401e-02 -3.353117897342534209e-02 -2.459665238305413365e-02
-3.294199129322601064e-03 2.291053762996360724e-02 -1.287161508442445472e-02 6.304113601121640389e-03 1.124796293608141227e-02 -5.872040412862279332e-03 8.531985872483731923e-04 -4.123785855320729471e-02 -6.492821656434889267e-03 2.854440099114774129e-02
-1.526104905455602512e-02 -2.265109609056499204e-02 1.307695794538912132e-02 3.096658744460731652e-02 -2.301664898516703021e-03 1.827229936856392817e-02 -1.151792577323879595e-02 -1.680422100042591391e-03 -1.713261720554456330e-02 7.937760461058773059e-03
1.911867062252207636e-02 -2.132508621505849536e-02 6.694772035367351284e-03 3.419498452860672555e-03 7.137528088930593546e-03 -1.544585624041152965e-03 1.425603158815448926e-02 -5.181906709606922713e-03 5.469713673571505175e-03 -2.819515465477795413e-02
-2.704071383426428360e-02 4.049700152716407403e-02 -1.371640961556928884e-02 1.106431030514518597e-02 -1.523332519495622719e-02 -5.367792761190488815e-03 1.745895834368784566e-02 -3.156032215851356515e-02 1.747889384574176364e-02 6.194752227642894536e-03
1.362800532892655472e-02 -1.118750805473496708e-02 3.545814720437572010e-03 1.718704709732253155e-03 6.770008861072723642e-03 -6.212094485042167491e-03 3.674703700906610526e-02 -1.593120800177911037e-02 -1.526479243725323287e-02 -1.394863206866472048e-02
4.247160277403167102e-03 1.430362394778844290e-02 4.313211752228565850e-03 1.374659345802873266e-02 -1.205670720597454108e-02 -2.677267634195468898e-02 1.253319819196989891e-02 8.306659112109648913e-03 -1.487106532682729368e-02 -3.291016149159035724e-03
1.191677223975986730e-02 3.353354036199439336e-02 8.267071034785727218e-03 -1.454917768775745683e-02 -1.006106253488022254e-02 -8.199243878524537996e-03 3.427213212740758738e-03 1.173267433130289160e-02 -1.594047280190500487e-02 -2.055924322301353954e-02
-1.907230742936506795e-02 7.781826115162199155e-04 -2.559831008728517127e-02 2.845678813527049034e-03 2.920632439959662888e-02 1.607940713480293486e-03 -1.417626593598028499e-02 2.115948312950625271e-02 1.490983097493354774e-02 -1.208487276455403638e-02
1.144548249340394258e-02 1.853285713838376259e-02 -1.685281586161097370e-02 1.366981556119417109e-02 -2.259455829644171909e-02 2.573141248688790364e-02 2.795522883695738051e-02 -2.072024721127714228e-02 -1.082329752428369887e-02 -2.649985401800689436e-02
-4.304039833619432119e-03 1.057945346343756345e-02 1.165917889154496814e-03 -3.355534782132196542e-03 1.933967889208959567e-02 -2.400771565246098346e-02 -4.168999196316881123e-02 1.741099147925043861e-02 -5.539186114849188082e-03 3.060601921207740939e-02
-1.918886295122921096e-02 -5.514543748764833345e-03 -8.458687976951222501e-03 -2.472351284074322461e-03 1.789886204602806827e-02 -3.151026208163516611e-04 -2.152373090211417289e-02 4.253731350268622619e-02 3.358752896798416349e-03 -6.415588313758852947e-03
2.771069891639047020e-04 5.015059459217987951e-03 -1.128935868403000949e-03 -6.266665426891581368e-03 7.587363276762334151e-03 2.808132051894120587e-02 -3.739034936403121123e-02 -6.241433479981597227e-03 5.934371762432612621e-03 4.822706301701770726e-03
6.593772960483149960e-03 2.229248605934385993e-02 3.869606281105943905e-03 -2.062448279872284435e-02 -2.305989552628560143e-03 -2.090894106056097670e-02 -2.887321780736596538e-02 5.647473980867443594e-02 -2.485232208224419023e-03 -1.329610211525024573e-02
-1.814554973226035345e-02 -1.824904302112765470e-02 -5.501282219098635635e-03 2.570657174346601456e-03 1.047247302436414562e-02 6.136086720575207806e-03 1.065952476326094021e-03 5.252082924535476927e-02 -1.917840385091146294e-02 -1.186995833449290723e-02
1.351951936009479494e-02 -1.597778144908639398e-04 1.640929264100242368e-02 4.623841104785979435e-03 1.654449294951438817e-02 -1.220353395122799299e-02 3.434994585166572449e-04 2.304226597127340473e-02 -3.319979159819996112e-02 -2.883175108952858862e-02
1.428649865471746765e-02 -4.203608963593147285e-03 1.200682133881391181e-02 -1.952883252188025026e-02 -1.217861218956606435e-02 -2.011031145159362238e-02 -2.073576074185357054e-02 -1.717091236536906831e-02 3.240917109464012957e-02 3.587051420973551979e-02
8.361448265048825393e-03 -3.567829935799074481e-02 1.757607537327857822e-02 8.950785617343798642e-03 -6.133831960863748989e-03 1.392047681826360378e-02 7.237122782039561060e-03 2.839387184606674205e-02 -2.824939442524895816e-02 -1.414540339620683207e-02
-6.240578508370230558e-03 3.870711995440738462e-02 -1.056874318324141186e-02 -5.987332811794694558e-03 -7.102536336276565193e-03 -1.088539970322790129e-03 -1.036426093142670674e-02 -1.820676708426441706e-02 2.044877112098533647e-03 1.858571424859901608e-02
8.790736675209735729e-04 1.318994816976420785e-02 1.806370743952149388e-02 -1.217114163607377862e-02 3.619683204018177627e-03 -5.868881435577926430e-03 8.184154495613075661e-03 -1.441672441510002782e-02 -6.781757737025559743e-03 -4.915409427363136123e-03
1.175016241164966897e-02 4.328470507830220471e-02 1.220963314776091213e-02 -6.652552287697575777e-03 -6.283448717557069130e-02 -3.254038053488934098e-03 -2.494964935562104039e-02 5.094267993443660214e-03 7.880558229288160688e-03 1.739882301572052287e-02
2.533477691499179743e-02 1.061038915790512259e-03 -1.394246896971961663e-02 -7.400580927656630684e-03 -1.145179686241064136e-02 -5.609016034804655123e-04 -1.119479883694215853e-02 2.862285954893380169e-02 6.276114226478864480e-03 -1.662873329464049574e-02
-1.861472788967582365e-02 -1.298625466904708989e-03 1.551734335459402196e-02 -1.371080602320165313e-02 3.099766216374734429e-02 -1.195794786492992805e-02 1.786679789536508786e-02 -2.176819293073745370e-03 -1.116626943902068736e-02 -5.529770981240163599e-03
-3.522648391086699669e-03 3.982093723341968705e-03 6.060735488864442671e-04 7.891858853618028552e-03 -2.321750789686647699e-03 -9.518098241670533421e-03 8.613554459886063955e-03 -1.094613109345603588e-02 -5.352482772023305947e-03 1.093900423416272437e-02
-3.910684267522938906e-03 3.017616358919477347e-03 -3.219342464945641746e-02 -3.246279208517175233e-03 5.052266020103847108e-03 8.861444771625037742e-03 1.215338010515350231e-02 -2.059701662890269999e-02 3.409792069810559101e-02 -3.889550931276747423e-03
1.739005673723919079e-02 -1.806079497379053933e-02 2.085291830791022750e-03 7.034141668202198265e-03 1.021015282723510519e-02 1.928211468011107460e-02 7.389449737124692205e-03 -4.477709164671771734e-03 -2.373206119563384814e-02 -1.730491333100941942e-02
1.187919938333179166e-02 -1.593390654298778436e-02 -1.775527332365084768e-02 1.491869467544435293e-02 1.249106915327670257e-02 1.421053797981961658e-02 -1.137792207430704701e-02 6.503709916555002780e-03 -1.033070808318197788e-02 -4.106011188039436141e-03
-3.247721907108378284e-03 -6.539693218980695624e-03 4.549650419013526181e-02 -1.733605613942857185e-02 1.784559936434419042e-02 -1.120710191721340648e-02 1.589566955397378120e-02 -1.654573177664421524e-02 -1.328713032491455302e-02 -1.060106654155372127e-02
-1.118232320945789296e-02 2.066352759516160500e-02 -3.753774933469861130e-02 -1.813762868661216582e-02 -7.351210630668875146e-03 -1.097734847571326701e-02 9.760750723995244293e-03 4.710157472892122221e-02 -1.838780747262439355e-02 2.662350774528665295e-02
1.324509161027792592e-02 6.270664026685754400e-02 3.205254691523779474e-03 -1.521885101483455745e-02 2.923446752533988367e-03 -1.051475368561061337e-02 -2.182037031143549063e-02 -9.590249661194469311e-03 -1.801671964494942421e-02 -6.711809930112797550e-03
-1.901652464694671835e-02 -4.845468979965689149e-02 2.636992613772795591e-02 2.093023164018221333e-02 3.895010421547871662e-03 2.637493329782137144e-02 -2.310008390650240134e-02 3.095546502088855623e-02 -2.357998024713991309e-02 5.401496009668174669e-03
-1.982457718545120595e-02 -3.403501163614228164e-02 3.877146119936074331e-02 1.816506110694069559e-02 -5.320606129841490284e-03 2.181295416653232858e-02 -2.460258281664936056e-02 1.004642398290094690e-02 -1.251522948877590267e-02 7.911198362310693094e-03
-1.255554316749895628e-02 4.240382633689205455e-02 -3.573812509080713518e-02 -3.157485340165720918e-03 -1.258754491586976977e-02 4.164802320109625765e-04 1.604576366264669207e-02 -4.231927358959663987e-02 1.125251346844666732e-02 3.638256057092333073e-02
2.138955183041571506e-02 -1.586985526171640765e-02 1.999674048397353729e-02 -9.592972178866600308e-03 2.366156519569993788e-02 -1.808096212855554025e-02 -5.336693139262188579e-03 -1.126649336210431250e-02 -9.192156712267147978e-03 3.524702615409388597e-03
3.090037610418975428e-02 -4.808260691060647907e-03 7.493034994274741512e-03 1.323429305750249522e-02 -4.377006522514918611e-03 2.351447659641657528e-02 6.864142520578171876e-03 -1.914982599369160002e-02 -4.086924585289037487e-02 -1.248397839578738525e-02
1.626881155157598041e-02 -8.125863367705392706e-03 2.571154136220877434e-02 4.064786772140621326e-03 1.773530797713128090e-02 -8.548182436078216595e-03 2.892433162194711638e-02 -3.499544561583230878e-02 -2.188484691255607184e-02 -1.894879276249657185e-02
1.528959736986353415e-02 2.032942361723596991e-02 -6.970773409250735284e-03 -2.310360482093494830e-02 5.460330953617433501e-03 -1.156621310107974927e-02 -2.081233918698308094e-02 3.209372726435508801e-03 3.262062587870566410e-02 -1.412112822916683150e-02
3.282580343167505483e-03 1.120442577764609038e-02 -1.043071092558588500e-02 -6.933064666892085242e-04 3.381555544791853187e-03 -1.147365443690994205e-02 -7.207529108161758909e-03 -2.550598993935240116e-02 4.177160620511095879e-02 -4.331979931224828710e-03
1.089219325848354587e-03 -1.305038911910039005e-02 9.346247562077442117e-03 1.277832088380215746e-02 2.099800538032181238e-02 5.595407911666350209e-03 6.298574895793386010e-03 -6.047601882346224185e-04 -1.334067975844162660e-02 -2.900984608719918770e-02
3.248132801847708473e-02 5.566641661138448452e-03 1.522200569929008530e-03 3.259253243489231532e-03 9.504499532018114913e-03 -1.812726740167558415e-02 -1.899250413781848265e-02 -3.867931170842005381e-04 -2.527007431997853326e-02 1.063305669347699468e-02
-1.533995941401609421e-02 -6.971648084614173735e-03 8.468995674456140238e-03 1.842258207068222034e-02 -6.789198660959433647e-03 3.306044412546994826e-02 -2.521668415699108989e-02 1.709689809152101572e-02 -2.366583488463770701e-02 5.572418580540112933e-04
7.946221386278744074e-04 -1.589083063919630862e-02 -2.065013561850942772e-02 2.935235533599428112e-03 1.464882561992676170e-02 -1.302371390788001349e-02 4.799120947658510293e-03 1.923635311449983093e-02 5.537965440450649639e-03 1.946209395316279454e-03
6.748527674006960311e-04 -3.013552839568066355e-02 4.450511184742747886e-03 3.303528249379723142e-02 -7.963387456716920082e-03 8.736124984457468295e-03 -1.914764259085157891e-02 1.059656793857193142e-02 1.830976437921464153e-02 -1.839391059191611624e-02
1.001723552836406364e-02 2.646990499831715186e-03 9.330123794381329008e-03 -1.187844176425952025e-02 1.773393293472313656e-02 -3.908846678548043990e-02 3.021247986342257691e-02 -2.191952460898097602e-02 -1.527548856457490271e-02 1.837286083574940498e-02
1.219057643476015480e-02 1.374273917520425249e-02 5.790103754499287270e-03 -6.403957220605197356e-03 1.255274947250986650e-02 -5.710294511110847529e-03 -1.068627349009698344e-02 -2.256909824500883885e-02 1.042392622845173152e-02 -1.018832880642783940e-02
1.118722493883176836e-02 1.765166540558861172e-02 -2.173924525576072589e-02 -1.627627980745950578e-03 -7.273559278155658850e-03 -2.964524897742076490e-02 -2.287830124354809161e-02 -4.432897195455616848e-03 3.198539567594926858e-02 2.685738443951542209e-02
-1.573576174377686390e-02 3.255191142452837014e-03 -1.101909225364017773e-02 7.589702349639549338e-03 1.342537633487729011e-02 -4.671837711556066537e-03 1.140438888476852722e-02 1.616373891916641700e-02 1.963296503891157757e-03 -2.269083238960683743e-02
-2.045977578297403579e-02 -6.437513221167557968e-03 2.717019334310251562e-03 1.111143688261623415e-02 -2.695918707502113418e-02 2.420763430344790787e-02 9.953509551473114711e-03 9.597174738442496369e-03 -2.291724771271796274e-02 1.981374839778899180e-02
-2.343716519567962467e-02 -1.331937561700134720e-02 1.851558795802464574e-02 1.163372116389591211e-02 1.627738359006560345e-02 9.477614589337908860e-03 -1.584118163806162369e-02 9.769833697193933131e-03 7.739735972366250209e-04 -1.380861474424957547e-02
-1.917009829271362070e-02 1.413994075730359325e-02 -2.061087101602581892e-02 1.571795827154516198e-02 -3.846069305535305266e-02 2.633593240985467737e-02 3.276089823704119580e-02 -3.605260034370097368e-03 -2.413483083882705590e-02 1.679276209708045059e-02
3.061378256332067047e-02 3.438453468795121815e-02 -1.761227365824211827e-02 -3.034971077715824597e-02 9.351462247335021877e-03 -1.596791582609892804e-02 -3.989532159251250876e-02 8.168400699771923706e-03 2.643703962612183045e-02 -4.974571733633403707e-03
-6.856247202097475249e-03 6.032224935707435239e-03 -1.765797663163032327e-02 -1.336201652602521037e-02 5.073229815292067645e-03 4.351460194271735554e-03 4.076137605568197009e-04 2.660851237711718206e-02 -2.699178300744506029e-02 2.248370090169517568e-02
2.647325956724720653e-02 -2.431094918386616024e-02 8.312461434739432326e-04 -9.302524185493783531e-05 6.660520587805651878e-03 2.918801038201923603e-02 2.416432359546699660e-02 -1.484391471914410857e-02 -3.909948406794884479e-02 -9.230088578940207414e-03
-8.198840772654623216e-03 -1.999883298665678169e-02 -5.481829858376271666e-03 2.087264897093625907e-02 4.278408886414598877e-03 5.965822435824829316e-03 2.807784775530173041e-02 -8.955306212361974910e-03 -7.076678836351051223e-03 -9.165003315985813595e-03
-5.098393691006999559e-03 -1.176267000704368793e-02 2.105794287689384189e-02 4.397969762826041754e-03 2.673914026367250202e-02 5.146218695626118486e-03 -3.845025882174144677e-03 -4.580908820700193423e-03 -1.116510995664239843e-02 -2.001482515788461855e-02
1.884122348550906073e-02 -1.315448163567218892e-03 1.085791271611577166e-02 -5.030629055633474827e-04 1.591829297251620701e-02 2.840117284830575434e-03 -1.594214353934203174e-02 8.483984047322947614e-03 -2.264345543700090405e-02 -1.682817073584612008e-02
1.622670206552745409e-02 -4.074798665013691819e-03 1.364457451767117115e-02 -8.980513049098685918e-03 6.739919681112415198e-03 -7.507709796596524418e-03 6.564638104777149007e-03 -1.575952728364933900e-02 6.289468366284689527e-03 -1.369040886334025112e-02
-1.479104703086500552e-04 7.550710416589809931e-03 -1.887382311667848422e-02 1.977832632699785039e-03 -1.568170454670280572e-02 -5.691920928605099551e-03 3.658097103728037008e-02 -1.148513208280045605e-02 -2.003058227641526558e-03 7.575268983844994641e-03
-2.223529591103142605e-02 -2.254916785940990279e-02 -7.917671117687864052e-03 2.263655754840611378e-02 -2.836740380853514792e-02 4.208260893233115030e-02 1.129218034867434002e-02 8.804535182412665320e-03 -1.795661431196077934e-02 1.407546566134469657e-02
-3.059266403708006416e-03 -1.165369002100821033e-02 2.661610828675843934e-02 1.270044076486025186e-02 3.868895198949809551e-03 3.496953525487458969e-02 -2.553049360317683966e-02 8.237713663617711804e-03 -2.251277427806605558e-02 -2.394465100502308000e-02
-2.523872874210021655e-02 -7.914723725863553536e-03 -5.737393271151004781e-03 1.307196340088220311e-02 4.126201996804137323e-02 2.295613369148313473e-02 -1.203062875920754907e-02 -8.867440912709464301e-03 -1.078642052080658852e-02 -6.925792081302080579e-03
2.722370530827757790e-02 -7.085832409439558888e-03 -2.158085614605777941e-02 -7.038796660700657321e-03 5.260880241561911863e-03 -7.560147927606721170e-03 -2.766060117426275000e-02 1.513869888521489349e-02 -7.391703401506615617e-03 3.075035971329308573e-02
-8.065021239604239570e-03 -2.105048624713306768e-02 2.655658804587865927e-03 7.705463904590172802e-03 1.074245970654474219e-02 8.459139028459269297e-04 2.093775794097203075e-02 -1.483046453660932448e-02 -1.059037695558621116e-02 1.182166194237256260e-02
-2.846214471919658248e-02 -1.577951586219924346e-02 1.737063026751662839e-02 1.130501367049096921e-02 -3.181520534397021174e-03 1.566883147227741274e-02 -2.828134640701461013e-03 -2.042072822829265819e-02 3.224565317596218839e-02 -5.923611075127272092e-03
1.536247877327774104e-02 -2.942016046073845509e-02 1.733692182039903856e-02 -4.944551510071256220e-03 2.022298058429329234e-02 -7.941922617683929743e-04 6.407772859336045845e-03 -1.640175907213151096e-02 4.442811711834171971e-03 -1.217762343429923053e-02
-2.508006471744046728e-03 -7.895199241936231779e-03 2.144090925623998514e-02 -5.890741956364671170e-03 2.641935329346395758e-02 1.098205395978911134e-02 2.305425284467933073e-02 -1.417042689922434588e-02 -3.095760235305509978e-02 -2.009568941881552037e-02
-2.096106583869652637e-03 -3.125971394044801260e-02 -9.432188964777446505e-03 1.730414096870745363e-02 -2.793488315206149597e-03 1.636727788752498358e-02 4.047824671406814734e-02 -2.575760392687080624e-02 2.087881326337028345e-02 -2.350430898116004017e-02
-1.031665208143747563e-02 -3.663317898349757740e-02 7.719140611411617718e-03 2.219496759567906111e-02 7.337797637060747107e-03 1.686666379468500579e-02 9.826521236397914652e-03 -8.753305339202295879e-03 -7.099577523841726218e-03 -1.293660592225839845e-03
1.695962649474438630e-02 -1.594322417807080353e-02 5.337008085765623626e-03 3.320138007031490663e-03 3.316955629123821518e-03 7.710705157293430007e-03 1.195747522293014219e-03 8.597102012751878242e-03 1.388268435392345408e-02 -4.383724943183987116e-02
-3.122257191317959549e-02 1.835307607515328232e-02 -9.895798525980152582e-03 2.496120179677516031e-03 -6.505331889417646785e-03 4.676347549661596589e-03 3.108543401414095610e-03 -1.654130327974427661e-02 -3.577505067011535131e-03 3.925279967490164640e-02
-1.202639238393349644e-02 2.126801067646634513e-02 1.442270826336506523e-02 4.893633653540401147e-03 -2.320820581816097905e-02 2.824879500800096029e-03 2.069340102585924893e-02 -2.260430954502099280e-04 -2.156937362057050750e-02 -7.119196573989227186e-03
-2.331238584919911525e-02 -6.889463713296520124e-03 -5.725124328653222530e-03 -7.505757390195318818e-03 8.818270821881434018e-03 -6.858513222804641166e-03 1.151252818768320682e-02 4.331935479865142713e-02 -2.493128636329289879e-03 -1.068881846983095636e-02
-1.417719654049923866e-02 -5.941687769822540099e-03 -2.330446721009429498e-02 1.443447304728654422e-02 1.920292636499826983e-02 5.400596544081309215e-03 1.129079915487146875e-02 -6.421519062589538251e-04 1.370126916541633023e-02 -2.011462864264643158e-02
3.247315967056400854e-02 2.673266609546597408e-02 -2.439645116294994129e-02 -2.645577220065295845e-02 1.025915494418323283e-02 -9.996864092957405065e-03 -4.493752030582990470e-02 9.377218986479652837e-03 3.433824629992884847e-02 -6.858455867737596467e-03
5.228831803836741718e-03 3.601085361956860714e-02 -7.753043319075901378e-03 -1.572035529102127488e-02 -1.648532891313993221e-02 -2.344067607572260584e-02 -2.691416523591347223e-03 -1.263827082449353774e-02 -8.187577356448738283e-03 4.591430554335896447e-02
2.709364595936131215e-02 -5.569779653151278034e-04 2.675797685958553138e-03 -2.242533378334668134e-02 7.619932920927558438e-03 -1.925453277743138791e-02 -1.951426984131162182e-02 -1.336538863597807984e-02 6.053077409294341064e-03 3.217447263647204431e-02
1.775184278125373216e-02 -1.123591173056896590e-02 1.762784248480395513e-02 -1.630428382660083263e-03 1.941433467380264399e-02 6.005364204530249739e-04 -1.408189297303548415e-02 2.829012177810009271e-02 -2.358178216461769353e-02 -3.307240773646549087e-02
-1.046029824430233686e-02 -4.461985734376710394e-03 -2.100306459874275514e-02 -4.003913855157902393e-03 2.799721523784189873e-03 -6.224924010035761453e-04 1.203438047957706113e-02 1.442406504352153687e-02 3.698313275753281615e-02 -2.573435945032616010e-02
-9.120670724808321861e-03 7.125428473549836120e-03 -1.028965350908558549e-02 -1.503677858539068319e-03 -1.081264020421644940e-02 -1.676025792316961430e-02 -4.868910223393347822e-03 -9.959477670231876509e-03 2.367280272349148857e-04 5.598616532445711835e-02
3.332553399227120711e-02 -1.972132125412714293e-02 1.413603297061696677e-02 -1.407034789191105237e-02 -1.247831048017469368e-03 -8.838553972409042905e-03 -1.711384183606928788e-02 -1.522475308907128306e-03 1.518251454010850429e-04 1.546765345635551375e-02
-2.008497707574379704e-02 -1.532102238154274196e-02 5.429368088922931039e-03 2.513897044829139713e-02 -1.704088626003248327e-02 5.797071365363780891e-03 1.086546487936309972e-02 -1.686967136941210782e-02 1.264820056422988337e-02 9.227505453789641710e-03
1.897249310764603097e-02 2.981710292382791418e-03 -1.535075648346169962e-02 1.305260223070691620e-03 -1.907022748419915205e-03 -1.486628164985739388e-02 -1.302533824382088624e-02 -1.498958407765404316e-02 3.456094166463490047e-02 2.329578962002393661e-03
2.893147307796560801e-03 1.066539122717212636e-02 -5.748629947996724415e-03 8.217797379927067880e-03 -3.739668384999139672e-02 -1.452731775630995356e-02 3.630815688600767810e-02 -2.115331044772929096e-03 -4.070218190555399164e-03 5.521768763857230755e-03
-3.038224529731977860e-02 -1.608562443237108314e-02 1.504099780249059520e-02 -1.429349632456901635e-03 9.552943653704596685e-04 -1.243520922880563505e-02 -1.492904609545698570e-02 1.789283028922019833e-02 1.934956470536393358e-02 2.171569106837744831e-02
-2.926092607301411172e-02 -2.523510276127246058e-02 1.294593362631811539e-04 2.482826477155112080e-02 -1.396254363316662937e-02 2.739229347383010521e-02 1.165710207967164333e-02 -7.195222714137835922e-03 2.652170184928397817e-02 -1.548919364619809162e-02
-2.489278717909619923e-02 -1.882927222921660856e-02 3.374059619304516089e-02 -4.707646946623574025e-03 1.222372913273387166e-02 1.356484520008097855e-02 -6.587466960295188141e-03 1.825546154781361452e-02 -1.557616896664429894e-02 -7.581395947521910213e-03
